image_width: 320
image_height: 240
camera_name: camera
camera_matrix:
  rows: 3
  cols: 3
  data: [157.46052, 0, 164.5585, 0, 157.81829, 111.14524, 0, 0, 1]
distortion_model: plumb_bob
distortion_coefficients:
  rows: 1
  cols: 5
  data: [-0.257686, 0.049122, -0.005126, 0.007767, 0.000000]
rectification_matrix:
  rows: 3
  cols: 3
  data: [1, 0, 0, 0, 1, 0, 0, 0, 1]
projection_matrix:
  rows: 3
  cols: 4
  data: [112.60066, 0, 163.58347, 0, 0, 121.45441, 107.65582, 0, 0, 0, 1, 0]
